703.57
676.91
681.94
679.73
669.44
648.38
598.41
656.61
645.43
610.65
621.49
621.22
617.71
552.21
569.04
604.75
604.58
545.32
534.71
577.09
576.7
543.93
563.74
560.3
661.12
663.6
661.79
658.72
625.83
615.24
633.18
625.83
628.95
631.39
638.16
626.71
633.67
630.72
621.22
613.63
608.82
586.59
570.77
564.42
561.35
586.27
582.28
579.07
478.16
502.44
493.18
461.87
458.5
478.72
437.51
447.08
448.88
464.83
460.7
446.22
450.46
440.2
360.84
420.06
420.66
414.95
457.63
520.12
529.16
494.4
478.23
501.55
497.32
493.09
484.43
486.93
500.26
459.61
456.14
429.65
437.06
444.25
445.87
456.27
446.64
436.94
434.06
429.72
426.99
436.96
435.34
448.23
452.71
436.54
438.43
437.41
441.75
444.32
445.01
446.36
444.81
444.31
485.83
489.16
526.06
519.04
525.63
570.09
581.83
569.63
574.45
565.51
616.47
623.26
629.02
658.79
665.73
636.78
656.06
645.56
652.71
653.64
645.34
649.81
627.91
581.8
597.43
571.69
591.97
588.06
607.34
604.88
592.26
588.52
591.03
598.88
587.46
575.07
562.13
579.38
600.86
591.99
598.6
639.36
635.59
647.34
640.69
626.96
628.33
631.71
617.99
620.22
620.55
615.11
631.18
634.48
627.58
618.38
619.36
615.2
622.62
628.22
625.8
621.37
620.01
618.81
617.93
600.01
599.93
593.85
590.95
584.69
582.2
564.37
581.35
595.08
587.29
585.51
586.76
583.11
583.04
587.4
590.53
588.09
589.45
573.31
568.21
544.57
508.55
496.62
519.83
492.95
460.67
486.74
511.93
516.16
513.94
497.22
508.57
501.63
513.47
510.43
507.02
508.42
501.2
478.07
474.13
475.32
474.54
489.09
480.5
482.24
479.48
472.15
471.56
477.53
476.33
473.83
477.09
474.71
471.36
463.74
454.91
421.46
391.94
406.82
396.57
398.89
435.38
422.3
408.8
401.92
398.36
376.2
374.73
386.27
381.33
371.99
356.56
325.49
319.64
328.46
334.09
352.79
363.78
358.69
359.2
376.19
388.38
398.71
391.84
380.08
380.42
388.96
386.59
379.37
382.38
379.1
355.86
355.17
346.11
351.54
348.96
351.9
333.38
343.78
336.8
325.39
323.74
324.23
328.28
337.14
348.23
341.08
344.03
363.31
365.29
366.99
427.24
417.15
398.43
375.13
388.55
385.86
372.38
377.24
356.14
348.86
352.04
366.77
375.24
375.72
368.51
369.14
375.85
375.22
377.09
378.64
381.54
374.97
369.15
376.04
374.02
374.26
360.94
351.27
344.62
347.13
350.94
347.47
351.14
345.1
326.08
319.17
310.75
317.01
329.57
319.24
330.67
334.05
321.88
318.61
327.16
315.17
316.8
312.44
309.87
319.7
313.92
314.59
279.85
263.63
272.95
285.58
294.88
283.25
288.84
274.07
265.37
267.09
226.98
177.28
210.46
207.22
199.62
209.93
213.98
210.48
225.98
232.66
232.97
247.99
254.51
271.95
262.06
233.21
232.4
226.5
216.91
226.4
237.54
226.96
226.73
216.77
222.48
227.33
222.87
220.17
220.08
219.49
221.85
235.79
257.47
234.33
233.56
243.6
236.21
239.83
243.78
244.26
235.53
238.08
238.76
237.25
236.1
252.51
253.53
258.74
271.35
281.45
271.92
274.86
272.21
275.89
274.48
288.52
290.51
295.83
293.87
284.28
281.36
285.34
290.38
284.46
255.37
259.74
260.84
259.62
267.8
265.94
245.44
246.13
247.65
246.58
252.25
242.02
246.85
243.39
246.55
252.26
253.54
253.12
259.95
254.52
252.8
244.36
243.26
235.22
236.12
235.64
223.41
218.27
223.57
228.11
222.23
222.84
221.69
224.31
235.81
233.92
235.56
230.79
225.85
218.81
228.5
225.68
225.98
236.57
232.12
234.9
240.12
238.77
236.55
230.05
237.78
243.39
240.48
239.63
241.85
240.99
235.8
236.74
237.31
235.73
236.1
232.87
231.94
234.25
235.3
240.52
239.03
241.19
237.49
237.33
237.18
237.47
237.1
233.29
230
223.31
225.75
225.65
224.37
225.04
225.68
223.39
228.65
229.33
228.95
230.02
230.2
232.75
233.85
237.31
250.9
249.17
248.87
243.55
245.26
244.01
246.77
243.99
240.22
242.42
242.64
250.71
248.07
256.49
262.48
257.66
254.35
255.6
260.35
271.02
268.49
264.96
269.65
268.11
283.88
291.69
309.98
290.88
286.19
283.82
277.83
278.49
274.49
272.49
278.41
275.1
276.62
275.63
287.97
288.13
291.64
292.73
293.79
288.77
287.29
283.94
280.04
281.65
280.48
284.5
281.38
278.25
279.03
260.2
264.44
263.76
270.92
265.64
263.34
264.87
260.73
257.67
256.98
219
225.39
234.69
231.94
229.74
227.59
209.13
221.71
225.38
224.26
230.98
229.76
228.61
230.02
227.35
228.86
226.76
230.09
234.68
239.44
240.02
243.55
238.29
238.59
240.08
234.82
230.33
230.24
229.92
228.8
232.79
232.72
231.24
230.86
226.61
230.52
229.96
234.28
234.84
234.21
232.85
239.34
236.62
236.25
237.57
237.4
239.09
238.69
240.59
246.42
243.27
242.69
244.32
245.33
247.53
245.59
249.94
252.59
254.81
262.94
271.2
262.9
264.42
270.22
267.33
274.41
277.46
282.66
283.07
286.13
294.4
303.89
313.59
326
312.43
325.08
359.35
400.71
408.74
387.51
374.95
384.8
373.49
380.04
337.93
312.58
336.86
337.29
333.55
319.93
331.59
335.77
334.97
326.31
321.99
327.17
324.34
323.26
320.16
328.98
353.3
358.18
357.66
371.86
376.91
362.73
359.43
361.31
363.48
388.86
388.46
395.86
418.14
418.04
415.25
453.9
435.9
433.54
443.84
465.5
455.37
455.99
463.84
462.23
442.5
437.76
435.5
442.84
454.85
455.31
417.22
422.52
421.26
432.62
426.14
430.05
434.46
433.59
430.36
433.49
432.25
429.46
458.28
453.37
449.14
448.96
448.38
432.88
432.04
429.73
358.77
387.66
380.21
385.84
377.74
418.74
409.94
381.76
386.19
402.61
390.66
391.43
394.63
379.38
378.2
376.94
367.13
371.25
372.88
368.93
388.61
385.34
375.4
375.28
371.1
373.32
379.96
377.72
383.13
392.18
406.74
399.48
407.36
415.56
421.64
420.33
436.52
438.98
438.07
419.98
424.36
423.52
432.06
432.14
432.64
436.61
433.64
421.6
419.47
407.98
397.83
404.55
412.98
411.76
412.62
416.16
419.89
410.13
412.29
415.09
415.38
416.25
418.45
408.04
408.52
410.75
411.42
416.93
417.39
414.34
415.69
416.73
425.38
422.76
415.55
412.69
415.16
417.01
419.69
419.38
419.42
422.65
421.7
421.2
418.09
418.42
421.11
422.99
425.99
424.4
425.11
429.98
430.84
427.86
429.05
436.1
442.16
451.1
447.64
452.58
460.33
462.51
467.8
445.01
449.86
456.35
449.33
453.04
444.51
450.27
446.96
448.53
460.37
459.46
459.44
461.49
450.99
452.11
454.82
455.73
455.75
457.85
453.41
452.75
453.38
436.73
442.95
443.13
438.77
443.73
445.13
449.23
453.82
473.47
525.43
524.08
532.59
531.8
536.42
538.14
570.47
573.45
574.11
585.53
577.86
583.1
576.45
579.13
611.78
675.34
705.62
685.99
696.32
768.24
747.55
755.68
764.04
727.95
665.88
602.89
625.49
665.16
665.33
630.25
658.4
646.3
639.08
672.48
676.52
703.69
659.69
681.63
668.09
676.11
639.76
664.74
650.63
649.96
649.03
664.84
653.93
659.64
664.88
663.54
679.05
673.59
673.84
666.18
665.1
650.82
654.86
661.05
655.13
651.08
655.44
655.63
656.67
654.98
625.88
607.37
552.82
565.26
578.32
574.96
588.42
592.78
590.62
584.76
592.89
586.52
586.03
585.08
571.44
567.2
576.25
571.74
572.5
573.66
580.7
580.69
584.73
581.28
577.99
575.73
578.16
568.67
573.55
572.36
576
572.33
571.69
574.15
598.38
608.92
606.03
611.07
614.79
624.95
621.8
622.21
605.81
606.31
606.92
608.22
605.21
606.33
605.29
608.7
608.53
599.47
595.8
595.03
601.71
601.34
599.18
606.81
604.76
603.52
605.06
608.44
613.93
610.29
612.34
609.37
610.88
610.9
616.49
616.6
614.62
617.42
639.37
635.08
635.02
638.37
637.37
639.83
636.92
635.51
628.15
628.62
630.15
652.71
649.24
648.4
652.89
674.36
686.52
688.1
712.87
696.35
697.37
729.27
742.46
687.51
702.54
704.16
712.24
704.02
709.15
721.19
713.67
716.56
703.55
702.5
706.39
711.96
742.07
735.41
749.68
750.63
728.61
736.72
748.22
741.6
736.4
738.28
732.82
728.42
731.75
731.76
742.01
753.25
771.41
764.97
766.46
750.71
758.81
763.9
766.75
770.41
773.21
768.62
777.91
775.25
776.64
775.48
780.85
788.58
788.59
790.16
798.78
833.1
858.74
916.79
894.2
894.48
902.55
931.11
978.01
969.62
960.47
968.23
997.69
1018.05
1030.82
1129.87
1005.81
895.67
905.17
913.52
899.35
904.79
775.98
802.83
826.12
818.64
822.42
830.26
904.45
884.25
898.02
891.62
920.01
925.33
912.69
885.65
894.11
915.1
918.56
920.28
914.04
920.24
967.67
987.35
1007.79
1018.11
1033.65
1013.99
1024.61
1052.54
1054.34
988.95
993.08
1010
999.51
996.86
1009.25
1009.12
1034.08
1053.12
1058.41
1052.82
1083.24
1123.66
1122.19
1178.38
1180.92
1151.58
1179.97
1194.28
1190.89
1230.02
1260.92
1290.79
1267.68
1277.68
1280.87
1232.43
1150.48
1191.81
1117.02
1181.64
1229.5
1243.24
1246.31
1259.6
1172.91
1070.13
970.6
1017.8
1041.34
1115.04
1037.44
1029.95
935.95
964.69
965.23
1040.49
1044.25
1040.39
1037.53
1079.75
1089.51
1098.78
1147.63
1143.75
1135
1190.6
1193.02
1184.82
1210.05
1213.34
1224.77
1216.5
1178.53
1183.44
1180.7
1184.79
1203.73
1217.6
1226.94
1255.4
1257.13
1244.37
1248.22
1248.32
1263.54
1284.84
1329.19
1320.05
1327.04
1347.96
1402.08
1443.68
1492
1515.63
1512.21
1548.29
1555.47
1639.32
1706.93
1756.8
1807.37
1676.99
1759.96
1772.42
1697.38
1718.2
1802.16
1887.33
1968.1
2051.73
2055.62
2139.03
2291.48
2476.3
2357.5
2247.48
2106.31
2207.58
2289.87
2197.23
2330.23
2452.18
2517.41
2555.65
2552.81
2736.59
2914.08
2694.22
2825.03
2826.7
2942.34
3018.54
2682.59
2738.93
2494.48
2456.92
2528.1
2664
2576.17
2641.66
2778.83
2712.16
2740.79
2738.22
2619.12
2594.45
2485.36
2593.17
2584.56
2561.56
2499.98
2460.2
2529.78
2581.07
2625.07
2629.27
2619.11
2521.24
2579.93
2525.67
2371.96
2332.19
2423.16
2364.52
2232.65
1993.26
1938.94
2244.26
2327.9
2294.4
2877.39
2694.29
2838.81
2762.63
2779.04
2591.22
2550.18
2697.47
2805.18
2720.08
2746.33
2873.83
2735.59
2723.58
2814.36
2883.68
3301.76
3255
3431.97
3453.16
3377.54
3445.28
3679.61
3917.65
4111.2
4382.74
4204.43
4425.3
4316.34
4159.46
4206.13
4111.22
4054.94
4137.67
4191.22
4362.47
4408.32
4387.46
4394.51
4439.66
4648.13
4630.73
4764.87
4950.72
4643.97
4631.69
4319.72
4422.12
4626.72
4638.1
4317.54
4291.88
4191.17
4188.84
4148.27
3874.26
3226.41
3686.9
3678.74
3672.57
4067.08
3897
3858.09
3612.68
3603.31
3777.29
3662.12
3927.5
3895.51
4208.56
4185.29
4164.1
4353.05
4394.64
4404.1
4320.09
4225.92
4322.75
4370.24
4437.03
4596.96
4772.97
4754.7
4830.77
5439.13
5640.13
5809.69
5697.39
5754.22
5595.23
5572.2
5699.58
5984.09
6013.23
5984.96
5895.3
5518.85
5733.9
5888.14
5767.68
5732.82
6140.53
6121.8
6447.67
6750.17
7030
7161.45
7387
7382.45
6958.21
7118.8
7458.79
7146.78
6570.31
6337
5857.32
6517.68
6598.77
7279
7843.94
7689.91
7776.94
8033.94
8238.2
8095.59
8230.69
8002.64
8201.46
8763.78
9326.59
9739.05
9908.23
9816.35
9916.54
10859.56
10895.01
11180.89
11616.85
11696.06
13708.99
16858.02
16057.14
14913.4
15036.96
16699.68
17178.1
16407.2
16531.08
17601.94
19343.04
19086.64
18960.52
17608.35
16454.72
15561.05
13857.14
14548.71
13975.44
13917.03
15745.26
15378.28
14428.76
14427.87
12629.81
13860.14
13412.44
14740.76
15134.65
15155.23
16937.17
17135.84
16178.49
14970.36
14439.47
14890.72
13287.26
13812.71
14188.78
13619.03
13585.9
11348.02
11141.25
11250.65
11514.92
12759.64
11522.86
10772.15
10839.83
11399.52
11137.24
11090.06
11407.15
11694.47
11158.39
10035
10166.51
9052.58
8827.63
9224.39
8186.65
6914.26
7700.39
7581.8
8237.24
8689.84
8556.61
8070.8
8891.21
8516.24
9477.84
10016.49
10178.71
11092.15
10396.63
11159.72
11228.24
10456.17
9830.43
10149.46
9682.38
9586.46
10313.08
10564.42
10309.64
10907.59
11019.52
11438.65
11479.73
11432.98
10709.53
9906.8
9299.28
9237.05
8787.16
9532.74
9118.27
9144.15
8196.9
8256.99
8269.33
7862.11
8196.02
8594.19
8915.9
8895.4
8712.89
8918.74
8535.89
8449.83
8138.34
7790.16
7937.2
7086.49
6844.32
6926.02
6816.74
7049.79
7417.89
6789.3
6774.75
6620.41
6896.28
7022.71
6773.94
6830.9
6939.55
7916.37
7889.23
8003.68
8357.04
8051.34
7890.15
8163.69
8273.74
8863.5
8917.6
8792.83
8938.3
9652.16
8864.09
9279
8978.33
9342.47
9392.03
9244.32
9067.71
9219.86
9734.67
9692.72
9826.6
9619.14
9362.53
9180.16
9306
9014.61
8406.17
8467.66
8688.03
8675.21
8474.24
8340.3
8058.6
8240.72
8234.15
8520.81
8395.23
7983.52
7502.56
7578.69
7460.69
7334.16
7344.97
7105.67
7460.58
7375.67
7487.19
7518.24
7636.19
7711.36
7490.59
7616.89
7655.98
7688
7616.1
7497.34
6765.8
6877.18
6548.33
6299.52
6637.74
6410.72
6485.87
6443.67
6709.48
6737.41
6758.38
6717.2
6053.9
6170.56
6150.19
6247.47
6074.92
6132.56
5848.26
6203.9
6387.31
6347.86
6613.27
6504.93
6584.77
6531.2
6600.99
6755.56
6704.18
6664.21
6302.49
6381.87
6245.63
6217.61
6247.23
6349.04
6726.4
7314.94
7378.76
7470.82
7330.54
7404.29
7396.29
7717.5
8397.63
8166.76
7929.61
8183.02
8229.96
8215.56
8168
7726.89
7603.75
7535.02
7415.56
7009.09
7026.99
6937.07
6717.21
6280.58
6537.9
6143.3
6233.38
6312.83
6252.37
6192.31
6270.04
6314.24
6583.24
6395.35
6485.75
6256.61
6477.38
6357.59
6525.61
6692.62
6732.5
6707.63
6907.66
7076.74
7035.81
6982.4
7013.97
7192.3
7295.13
7261.49
7358.5
6687.01
6498.62
6396.27
6183.38
6238.54
6305.57
6282.92
6328.93
6486.62
6492.37
6515.9
6497.37
6251.16
6334.2
6388.98
6491.64
6753.18
6712.17
6701.3
6581.51
6434.65
6458.65
6684.13
6621.66
6583.77
6606.08
6578.79
6506.66
6470.71
6555.87
6589.4
6563.42
6582.4
6622.4
6606.88
6550.73
6177.23
6211.67
6227.51
6222.21
6513.38
6531.36
6514.64
6450.78
6418.85
6455.48
6453.82
6448.1
6434.25
6450.31
6427.4
6436.97
6431.09
6426.55
6285.23
6283.53
6320.46
6358.4
6368.85
6346.81
6439.48
6420.86
6406.75
